26087
26131
26488
26132
26134
26135
26136
26138
26139
26490
26148
26149
26150
26151
26152
26153
26154
26155
26156
26157
26903
26920
26939
26195
26200
26220
26225
26235
26241
26255
26259
26265
26269
26275
26278
26293
26296
26305
26310
26320
26325
26330
26335
26341
26347
26350
26356
26364
26367
26375
26371
26385
26384
26394
26397
26400
26403
26405
26409
26412
26414
26418
26420
26423
26427
26430
26437
26523
26528
26495
26497
26500
26503
26510
26506
26535
26541
26542
26549
26555
26556
26575
26589
26605
26595
26644
26634
26710
26730
26725
26755
26751
26781
26786
26821
26808
26833
26862
26950
26888
26980
26960
27032
27011
27046
27042
