
phodo_1x_PosAdcTimeWindowMin= -187.5, -20, -20, -0.5, 0.5, -0.5, 0.5, 0.5, 0.5, -20, -20, -20, -20
phodo_1x_PosAdcTimeWindowMax= -147.5, 20, 20, 39.5, 40.5, 39.5, 40.5, 40.5, 40.5, 20, 20, 20, 20

phodo_1x_NegAdcTimeWindowMin= -20, -20, -20, -6.5, -6.5, -8.5, -6.5, -6.5, -6.5, -20, -20, -20, -20
phodo_1x_NegAdcTimeWindowMax= 20, 20, 20, 33.5, 33.5, 31.5, 33.5, 33.5, 33.5, 20, 20, 20, 20

phodo_1y_PosAdcTimeWindowMin= -0.5, 0.5, 1.5, 0.5, -1.5, -1.5, 0.5, -0.5, -2.5, -2.5, -0.5, -1.5, -1.5
phodo_1y_PosAdcTimeWindowMax= 39.5, 40.5, 41.5, 40.5, 38.5, 38.5, 40.5, 39.5, 37.5, 37.5, 39.5, 38.5, 38.5

phodo_1y_NegAdcTimeWindowMin= 0.5, -0.5, 0.5, 0.5, 0.5, -0.5, 1.5, 0.5, 0.5, -1.5, -0.5, -1.5, -0.5
phodo_1y_NegAdcTimeWindowMax= 40.5, 39.5, 40.5, 40.5, 40.5, 39.5, 41.5, 40.5, 40.5, 38.5, 39.5, 38.5, 39.5

phodo_2x_PosAdcTimeWindowMin= -20, -20, -20, 0.5, -0.5, -0.5, -0.5, -1.5, -0.5, -1.5, -20, -20, -20, -20
phodo_2x_PosAdcTimeWindowMax= 20, 20, 20, 40.5, 39.5, 39.5, 39.5, 38.5, 39.5, 38.5, 20, 20, 20, 20

phodo_2x_NegAdcTimeWindowMin= -20, -20, -20, -7.5, -8.5, -7.5, -6.5, -7.5, -7.5, -8.5, -95.5, -20, -20, -20
phodo_2x_NegAdcTimeWindowMax= 20, 20, 20, 32.5, 31.5, 32.5, 33.5, 32.5, 32.5, 31.5, -55.5, 20, 20, 20

phodo_2y_PosAdcTimeWindowMin= -103.5, -20, 17.5, 17.5, -188.5, 16.5, 17.5, 16.5, 16.5, 17.5, 16.5, 18.5, 16.5, 17.5, 17.5, 17.5, 18.5, 
17.5, -20, -20, -20
phodo_2y_PosAdcTimeWindowMax= -63.5, 20, 57.5, 57.5, -148.5, 56.5, 57.5, 56.5, 56.5, 57.5, 56.5, 58.5, 56.5, 57.5, 57.5, 57.5, 58.5, 
57.5, 20, 20, 20

phodo_2y_NegAdcTimeWindowMin= -20, -20, 11.5, 10.5, 10.5, 10.5, 10.5, 12.5, 8.5, 9.5, 8.5, 9.5, 10.5, 9.5, 9.5, 10.5, 11.5, 
10.5, -20, -20, 82.5
phodo_2y_NegAdcTimeWindowMax= 20, 20, 51.5, 50.5, 50.5, 50.5, 50.5, 52.5, 48.5, 49.5, 48.5, 49.5, 50.5, 49.5, 49.5, 50.5, 51.5, 
50.5, 20, 20, 122.5

pcal_prshwr_good_adctdc_diff_time_vs_pmt_pos
pcal_PosAdcTimeWindowMin= -9, -7, -7, -9, -9, -3, -5, -9, -9, -9, -5, -13, -7, -7
pcal_PosAdcTimeWindowMax= 31, 33, 33, 31, 31, 37, 35, 31, 31, 31, 35, 27, 33, 33
pcal_prshwr_good_adctdc_diff_time_vs_pmt_neg
pcal_NegAdcTimeWindowMin= -15, -13, -13, -11, -9, -9, -9, -5, -11, -9, -11, -13, -7, -5
pcal_NegAdcTimeWindowMax= 25, 27, 27, 29, 31, 31, 31, 35, 29, 31, 29, 27, 33, 35
pcal_shwr_good_adctdc_diff_time_vs_pmt
pcal_arr_AdcTimeWindowMin= 7, 7, -20, 13, 11, 11, 9, -20, 13, -20, -20, 5, 11, -27, -27, 3, 9, 
9, 9, 11, 11, 13, 11, 11, 11, 11, 15, -27, 11, -3, 7, 5, 7, 
7, 5, 5, 11, 9, 9, 11, 9, 9, 9, 9, 3, 3, 5, 5, 7, 
7, 7, 9, 11, 11, 15, 11, 11, 11, 13, 5, 7, 7, 7, 5, 5, 
5, 5, 11, 13, 11, 13, 7, 9, 9, 7, 5, 5, 7, 5, 3, 7, 
7, 5, 9, 5, 7, 9, 9, 9, 7, 7, 7, 7, 1, 3, 3, 9, 
5, 7, 7, 5, 7, 9, 7, 7, 7, 7, 5, 7, 5, 3, 5, 5, 
1, 3, 3, 5, 3, 3, 5, 3, 5, 5, 3, 3, 1, -1, 5, 7, 
5, 5, 7, 9, 9, 5, 9, 9, 9, 5, 7, 5, 5, 5, 5, 11, 
7, 3, 7, 5, 9, 7, 9, 7, 7, 7, 7, 7, 5, 1, 5, 9, 
5, 9, 9, 7, 9, 7, 9, 9, 9, 7, 7, 3, 3, 5, 5, 7, 
7, 7, 7, 9, 7, 7, 7, 9, 7, 5, 7, 7, 5, 5, 3, 7, 
-35, 7, 11, 7, 11, 9, 9, 13, 7, 5, 7, 7, 7, 7, 5, 7, 
-33, 11, 5, 9, 13, 9, -20, 7, -20, 9, 7, 9, 5, -20, 59
pcal_arr_AdcTimeWindowMax= 47, 47, 20, 53, 51, 51, 49, 20, 53, 20, 20, 45, 51, 13, 13, 43, 49, 
49, 49, 51, 51, 53, 51, 51, 51, 51, 55, 13, 51, 37, 47, 45, 47, 
47, 45, 45, 51, 49, 49, 51, 49, 49, 49, 49, 43, 43, 45, 45, 47, 
47, 47, 49, 51, 51, 55, 51, 51, 51, 53, 45, 47, 47, 47, 45, 45, 
45, 45, 51, 53, 51, 53, 47, 49, 49, 47, 45, 45, 47, 45, 43, 47, 
47, 45, 49, 45, 47, 49, 49, 49, 47, 47, 47, 47, 41, 43, 43, 49, 
45, 47, 47, 45, 47, 49, 47, 47, 47, 47, 45, 47, 45, 43, 45, 45, 
41, 43, 43, 45, 43, 43, 45, 43, 45, 45, 43, 43, 41, 39, 45, 47, 
45, 45, 47, 49, 49, 45, 49, 49, 49, 45, 47, 45, 45, 45, 45, 51, 
47, 43, 47, 45, 49, 47, 49, 47, 47, 47, 47, 47, 45, 41, 45, 49, 
45, 49, 49, 47, 49, 47, 49, 49, 49, 47, 47, 43, 43, 45, 45, 47, 
47, 47, 47, 49, 47, 47, 47, 49, 47, 45, 47, 47, 45, 45, 43, 47, 
5, 47, 51, 47, 51, 49, 49, 53, 47, 45, 47, 47, 47, 47, 45, 47, 
7, 51, 45, 49, 53, 49, 20, 47, 20, 49, 47, 49, 45, 20, 99
phgcer_good_adctdc_diff_time_vs_pmt
phgcer_AdcTimeWindowMin= -13, -15, -15, -15
phgcer_AdcTimeWindowMax= 27, 25, 25, 25
pngcer_good_adctdc_diff_time_vs_pmt
pngcer_AdcTimeWindowMin= -20, -20, 25, 3
pngcer_AdcTimeWindowMax= 20, 20, 65, 43

hhodo_1x_PosAdcTimeWindowMin= 14.375, 13.125, 13.125, 13.125, 13.125, 13.125, 14.375, 13.125, 13.125, 13.125, 14.375, 13.125, 13.125, 13.125, 13.125, 13.125
hhodo_1x_PosAdcTimeWindowMax= 54.375, 53.125, 53.125, 53.125, 53.125, 53.125, 54.375, 53.125, 53.125, 53.125, 54.375, 53.125, 53.125, 53.125, 53.125, 53.125

hhodo_1x_NegAdcTimeWindowMin= 11.875, 11.875, 11.875, 11.875, 10.625, 11.875, 11.875, 11.875, 11.875, 11.875, 11.875, 11.875, 11.875, 11.875, 11.875, 11.875
hhodo_1x_NegAdcTimeWindowMax= 51.875, 51.875, 51.875, 51.875, 50.625, 51.875, 51.875, 51.875, 51.875, 51.875, 51.875, 51.875, 51.875, 51.875, 51.875, 51.875

hhodo_1y_PosAdcTimeWindowMin= 13.125, 13.125, 13.125, 13.125, 13.125, 11.875, 13.125, 13.125, 13.125, 13.125
hhodo_1y_PosAdcTimeWindowMax= 53.125, 53.125, 53.125, 53.125, 53.125, 51.875, 53.125, 53.125, 53.125, 53.125

hhodo_1y_NegAdcTimeWindowMin= 11.875, 11.875, 11.875, 11.875, 11.875, 11.875, 13.125, 11.875, 13.125, 11.875
hhodo_1y_NegAdcTimeWindowMax= 51.875, 51.875, 51.875, 51.875, 51.875, 51.875, 53.125, 51.875, 53.125, 51.875

hhodo_2x_PosAdcTimeWindowMin= 10.625, 11.875, 11.875, 11.875, 11.875, 11.875, 11.875, 11.875, 11.875, 11.875, 11.875, 11.875, 13.125, 13.125, 13.125, 13.125
hhodo_2x_PosAdcTimeWindowMax= 50.625, 51.875, 51.875, 51.875, 51.875, 51.875, 51.875, 51.875, 51.875, 51.875, 51.875, 51.875, 53.125, 53.125, 53.125, 53.125

hhodo_2x_NegAdcTimeWindowMin= 11.875, 11.875, 13.125, 13.125, 11.875, 11.875, 11.875, 11.875, 11.875, 11.875, 13.125, 13.125, 13.125, 14.375, 13.125, 13.125
hhodo_2x_NegAdcTimeWindowMax= 51.875, 51.875, 53.125, 53.125, 51.875, 51.875, 51.875, 51.875, 51.875, 51.875, 53.125, 53.125, 53.125, 54.375, 53.125, 53.125

hhodo_2y_PosAdcTimeWindowMin= 10.625, 11.875, 13.125, 11.875, 10.625, 11.875, 11.875, 11.875, 10.625, 10.625
hhodo_2y_PosAdcTimeWindowMax= 50.625, 51.875, 53.125, 51.875, 50.625, 51.875, 51.875, 51.875, 50.625, 50.625

hhodo_2y_NegAdcTimeWindowMin= 10.625, 10.625, 11.875, 11.875, 11.875, 11.875, 11.875, 11.875, 11.875, 11.875
hhodo_2y_NegAdcTimeWindowMax= 50.625, 50.625, 51.875, 51.875, 51.875, 51.875, 51.875, 51.875, 51.875, 51.875

hcer_AdcTimeWindowMin= 75, 77
hcer_AdcTimeWindowMax= 115, 117

hcal_PosAdcTimeWindowMin= -103, -107, -105, -103, -99, -99, -101, -99, -101, -107, -129, -111, -109
			  -107, -109, -101, -101, -133, -113, -99, -107, -107, -99, -99, -101, -101
			  -103, -117, -107, -111, -113, -103, -101, -103, -133, -105, -109, -107, -109
			  -97, -99, -133, -101, -107, -103, -113, -115, -113, -103, -109, -107, -101

hcal_PosAdcTimeWindowMax= -63, -67, -65, -63, -59, -59, -61, -59, -61, -67, -89, -71, -69
			  -67, -69, -61, -61, -93, -73, -59, -67, -67, -59, -59, -61, -61
			  -63, -77, -67, -71, -73, -63, -61, -63, -93, -65, -69, -67, -69
			  -57, -59, -93, -61, -67, -63, -73, -75, -73, -63, -69, -67, -61


hcal_NegAdcTimeWindowMin= -103, -101, -103, -107, -103, -101, -99, -105, -99, -105, -101, -101, -101
			  -99, -103, -103, -99, -103, -103, -105, -105, -111, -101, -103, -135, -105
			  0, 0, 0, 0, 0, 0, 0, 0, 0, 0, 0, 0, 0
			  0, 0, 0, 0, 0, 0, 0, 0, 0, 0, 0, 0, 0

hcal_NegAdcTimeWindowMax= -63, -61, -63, -67, -63, -61, -59, -65, -59, -65, -61, -61, -61
			  -59, -63, -63, -59, -63, -63, -65, -65, -71, -61, -63, -95, -65	  
			  0, 0, 0, 0, 0, 0, 0, 0, 0, 0, 0, 0, 0
			  0, 0, 0, 0, 0, 0, 0, 0, 0, 0, 0, 0, 0







